$ 0 0.000005 1.0312258501325766 50 5 50
L 128 336 128 400 0 1 false 5 0
L 176 336 176 400 0 1 false 5 0
L 224 336 224 400 0 1 false 5 0
x 122 66 138 69 4 24 A
x 169 66 185 69 4 24 B
x 215 66 232 69 4 24 C
152 272 128 432 128 0 2 5 5
w 128 112 272 112 0
w 176 144 272 144 0
w 128 336 128 240 0
w 176 336 176 272 0
w 224 336 224 304 0
w 128 112 128 80 0
w 176 144 176 80 0
152 432 160 576 160 0 2 5 5
w 432 128 432 144 0
w 224 176 224 80 0
w 224 176 432 176 0
152 320 256 480 256 0 2 0 5
I 240 240 320 240 0 0.5 5
w 176 272 176 144 0
w 128 240 128 112 0
w 240 240 128 240 0
I 272 272 320 272 0 0.5 5
w 272 272 176 272 0
152 480 288 576 288 0 2 5 5
w 480 256 480 272 0
w 224 304 224 176 0
w 480 304 224 304 0
150 608 224 720 224 0 2 5 5
M 720 224 800 224 0 2.5
w 576 160 608 160 0
w 608 160 608 208 0
w 608 240 608 288 0
w 576 288 608 288 0
x 281 465 551 468 4 32 (A\pB\pC).(A'\pB'\pC)

