$ 1 0.000005 18.278915558614752 62 5 43
L -272 272 -272 304 0 1 false 5 0
L -240 272 -240 304 0 1 false 5 0
185 -304 -16 -192 -16 0 3
L -208 272 -208 304 0 1 false 5 0
w -336 -16 -304 -16 0
R -336 -16 -336 96 0 0 40 5 0 0 0.5
162 -144 -16 -32 -16 2 default-led 1 0 0 0.01
162 -144 16 -32 16 2 default-led 1 0 0 0.01
162 -144 48 -32 48 2 default-led 1 0 0 0.01
162 -144 144 -32 144 2 default-led 1 0 0 0.01
162 -144 112 -32 112 2 default-led 1 0 0 0.01
162 -144 80 -32 80 2 default-led 1 0 0 0.01
162 -144 176 -32 176 2 default-led 1 0 0 0.01
162 -144 208 -32 208 2 default-led 1 0 0 0.01
w -32 -16 -32 16 0
w -32 16 -32 48 0
w -32 48 -32 80 0
w -32 80 -32 112 0
w -32 112 -32 144 0
w -32 144 -32 176 0
w -32 176 -32 208 0
g -32 208 -32 288 0
