$ 1 0.000005 19.867427341514983 20 5 43
185 -304 -16 -192 -16 0 3
w -336 -16 -304 -16 0
R -336 -16 -480 -16 0 0 40 5 0 0 0.5
162 -144 -16 -32 -16 2 default-led 1 0 0 0.01
162 -144 16 -32 16 2 default-led 1 0 0 0.01
162 -144 48 -32 48 2 default-led 1 0 0 0.01
162 -144 144 -32 144 2 default-led 1 0 0 0.01
162 -144 112 -32 112 2 default-led 1 0 0 0.01
162 -144 80 -32 80 2 default-led 1 0 0 0.01
162 -144 176 -32 176 2 default-led 1 0 0 0.01
162 -144 208 -32 208 2 default-led 1 0 0 0.01
w -32 -16 -32 16 0
w -32 16 -32 48 0
w -32 48 -32 80 0
w -32 80 -32 112 0
w -32 112 -32 144 0
w -32 144 -32 176 0
w -32 176 -32 208 0
g -32 208 -32 288 0
164 -432 304 -304 304 2048 3 0 5 0 false 0
w -336 304 -272 304 0
w -272 272 -272 304 0
w -336 336 -240 336 0
w -240 272 -240 336 0
w -336 368 -208 368 0
w -208 272 -208 368 0
R -432 368 -496 368 1 2 100 2.5 2.5 0 0.5
