$ 0 0.000005 35.60246606707791 50 5 50
R 160 96 32 96 1 2 100 2.5 2.5 0 0.5
164 160 96 240 96 0 6 4.999999999999999 0 0 0 0 0 false 0
w 256 192 448 192 0
w 256 160 288 160 0
w 256 224 432 224 0
w 256 256 416 256 0
w 384 160 576 160 0
w 448 400 448 192 0
w 432 400 432 224 0
w 416 400 416 256 0
w 304 128 592 128 0
w 336 96 608 96 0
w 592 128 592 416 0
w 576 160 576 336 0
w 608 96 608 336 0
w 576 336 576 416 0
w 608 336 608 416 0
152 432 400 432 528 0 3 0 5
153 592 416 592 528 0 3 0 5
150 512 528 512 640 0 2 0 5
w 432 528 496 528 0
w 528 528 592 528 0
162 512 640 512 688 2 default-led 1 1 0 0.01
g 304 688 128 688 0
w 256 128 304 128 0
w 288 160 288 512 0
w 256 96 320 96 0
w 320 96 320 448 0
I 320 448 320 512 0 0.5 5
150 304 512 304 624 0 3 0 5
162 304 624 304 688 2 default-led 0 1 0 0.01
w 512 688 304 688 0
w 320 96 336 96 0
w 608 96 752 96 0
w 752 96 752 640 0
162 752 640 752 688 2 default-led 1 0 0 0.01
w 752 688 512 688 0
w 288 160 384 160 0
w 304 128 304 512 0

