$ 0 0.000005 1.0312258501325766 50 5 50
157 784 336 912 336 0 7 0 0
R -352 -336 -416 -336 0 0 40 5 0 0 0.5
s -208 -336 -208 -176 0 0 false
w -352 -176 -352 -144 0
s -352 -336 -352 -176 0 0 false
s -304 -336 -304 -176 0 1 false
s -256 -336 -256 -176 0 1 false
x -360 -349 -344 -346 4 24 A
x -305 -348 -289 -345 4 24 B
x -261 -348 -244 -345 4 24 C
x -214 -349 -197 -346 4 24 D
150 176 48 400 48 0 2 0 5
150 176 144 400 144 0 2 0 5
w -208 -176 -208 -80 0
w -160 16 -160 1216 0
w -112 16 -112 128 0
w -64 16 -64 1216 0
I -160 -80 -160 16 0 0.5 5
I -112 -80 -112 16 0 0.5 5
I -64 -80 -64 16 0 0.5 5
I -16 -80 -16 16 0 0.5 5
w -16 16 -16 160 0
w -352 -144 -160 -144 0
w -160 -144 -160 -80 0
w -304 -176 -304 -128 0
w -304 -128 -112 -128 0
w -112 -128 -112 -80 0
w -256 -176 -256 -112 0
w -256 -112 -64 -112 0
w -64 -112 -64 -80 0
w -208 -80 -208 64 0
w -208 -80 -16 -80 0
w -352 -336 -304 -336 0
w -304 -336 -256 -336 0
w -256 -336 -208 -336 0
w -352 -144 -352 0 0
w -304 -128 -304 32 0
w -256 -112 -256 96 0
x -171 -159 -151 -156 4 24 A'
x -126 -159 -106 -156 4 24 B'
x -81 -159 -60 -156 4 24 C'
x -33 -158 -12 -155 4 24 D'
w -304 32 -304 1216 0
w -304 32 176 32 0
w -208 64 -208 1216 0
w -208 64 176 64 0
w -112 128 -112 1216 0
w -112 128 176 128 0
w -16 160 -16 1216 0
w -16 160 176 160 0
152 528 112 736 112 0 4 5 5
w 400 48 400 64 0
w 400 128 528 128 0
w 400 144 528 144 0
w 400 64 400 128 0
w -352 0 -352 1216 0
w -352 0 528 0 0
w 528 0 528 80 0
w -256 96 528 96 0
w -256 96 -256 1216 0
x 728 99 741 102 4 24 a
w 736 112 736 336 0
w 736 336 784 336 0
x 327 41 360 44 4 24 BD
x 329 134 371 137 4 24 B'D'
x 567 68 583 71 4 24 A
x 458 86 475 89 4 24 C

